299831
8
2 5 5 4 1 2 3 28
18
17 14
WWWWWWWWWWWWWW
W____________W
W__OOOOOOOO__W
W____O__OO___W
W____O___O___W
W_OOOOOOOOOO_W
W_O_____OO_O_W
W_O_____OO___W
W_O_____OO___W
W_O___OO_O___W
W____________W
W_O__________W
W__________O_W
W_O__________W
W____________W
W____________W
WWWWWWWWWWWWWW
2
0 8 1
1 9 8
11
0 10 7
1 1 4
2 5 12
3 2 12
4 3 12
5 6 12
6 4 12
7 4 11
8 1 9
9 1 12
10 1 10
8
1 11
1 12
4 7
8 6
10 5
11 10
13 9
15 12
0 0 0 0 0 0 0 0
22
17 14
WWWWWWWWWWWWWW
W____________W
W__OOOOOOOO__W
W_O_____OO___W
W_______OO___W
W_OOOOOOOOOO_W
W_O_____OO_O_W
W_O_____OO___W
W_O_____OO___W
W_O___OO_O___W
W____________W
W_O__________W
W__________O_W
W_O__________W
W____________W
W____________W
WWWWWWWWWWWWWW
2
0 3 3
1 12 5
9
0 10 5
1 1 4
2 6 12
3 7 12
4 5 12
5 4 12
6 1 7
7 3 10
8 1 12
8
1 11
1 12
4 2
8 1
8 6
9 8
9 12
13 5
0 0 0 0 0 0 0 0
